 985.12680
