 408.16805
